92
553
293
515
293
515
292
512
290
508
287
504
285
500
285
496
286
492
288
489
291
487
293
449
293
446
288
444
285
444
282
443
276
440
270
436
266
431
262
425
260
419
260
413
261
408
264
403
268
400
273
398
279
398
285
398
285
394
291
393
293
355
293
354
292
352
289
348
287
344
285
340
285
335
286
332
288
328
291
327
293
289
293
284
298
284
305
289
310
327
310
327
311
330
314
334
316
338
318
342
318
346
317
350
315
353
312
355
310
370
310
370
322
374
326
380
326
384
322
384
310
391
310
392
315
396
322
401
328
407
332
415
335
423
335
431
334
438
330
444
325
448
318
451
310
451
310
458
310
458
322
462
326
468
326
472
322
472
310
487
310
488
311
490
314
494
316
498
318
502
318
506
317
510
315
513
312
515
310
553
310
558
305
558
298