92
803
343
765
343
765
342
762
340
758
337
754
335
750
335
746
336
742
338
739
341
737
343
699
343
696
338
694
335
694
332
693
326
690
320
686
316
681
312
675
310
669
310
663
311
658
314
653
318
650
323
648
329
648
335
648
335
644
341
643
343
605
343
604
342
602
339
598
337
594
335
590
335
585
336
582
338
578
341
577
343
539
343
534
348
534
355
539
360
577
360
577
361
580
364
584
366
588
368
592
368
596
367
600
365
603
362
605
360
620
360
620
372
624
376
630
376
634
372
634
360
641
360
642
365
646
372
651
378
657
382
665
385
673
385
681
384
688
380
694
375
698
368
701
360
701
360
708
360
708
372
712
376
718
376
722
372
722
360
737
360
738
361
740
364
744
366
748
368
752
368
756
367
760
365
763
362
765
360
803
360
808
355
808
348
